4.486029038782884254e-02 2.960450389670800028e-02
1.605833555502551302e-01 -8.041491548403244261e-02
-2.950718831125442518e-02 5.315269239801419243e-02
4.716236110613505894e-02 -1.448805457561714582e-01
-1.127559251265147604e-02 7.190487057709520069e-03
2.176825271814943411e-02 -6.028486856873335048e-02
-9.632322245597857609e-04 3.717864466076848534e-02
-1.999904954914398514e-02 1.198289871090792678e-02
1.379916810194631565e-03 1.547284521059492761e-02
-3.932023932300111012e-03 3.008318346062377469e-02
-9.231478559448785468e-03 4.234981209879045555e-02
4.857312595030952376e-03 -1.482505773264368963e-02
-5.041127141971094017e-03 9.027185520851705586e-03
2.591786136103994614e-04 -1.802692640730965343e-02
8.618273726996717246e-03 -1.027780958260807133e-03
-4.265160744454995524e-03 -1.095688367489503065e-03
1.660670608174861368e-02 -5.553034803188053488e-03
-6.023196640758393151e-03 -1.305663952820995503e-02
7.835752458483622243e-03 -1.515954709919253070e-03
1.611869696694373869e-02 1.204471743398797916e-02
-2.173004115639737450e-03 -1.624788239076459945e-02
-1.093128706484465182e-02 -1.146934965771242119e-02
-1.311702758672873533e-03 1.057163390616259330e-02
8.129090042482098625e-04 -2.327709900594901894e-03
9.711704687031410101e-04 -8.113327324964694082e-03
-1.133438577826794726e-02 6.111662668637342019e-03
7.464949028162581011e-03 -1.208060144581922686e-02
1.945944765986224942e-02 -1.638210016415022827e-02
-7.268354657671696002e-05 -6.233738563440545909e-03
7.440765118170017400e-03 -8.925356122195322178e-03
-5.098286786165001638e-03 9.314457404477926791e-03
1.527105492501003043e-03 7.143886159455338156e-03
1.314298611261511662e-03 -3.088114885751201862e-03
9.787725886819028526e-03 -1.492782749535597961e-02
9.786898163269875522e-03 -1.119675995985761584e-02
3.240176208457544622e-03 -1.110473251551009552e-02
1.226235646990663820e-02 -4.912147095515241070e-03
-8.376675557967108374e-03 1.238030118822164814e-02
2.235501410136793866e-03 5.752576415578738002e-04
-2.402790640566596428e-03 3.692043252142528965e-03
-2.616130164043006974e-03 -2.333094990218340884e-03
5.432530390575750212e-03 -1.176057896269879811e-03
-1.866866979527983259e-03 -4.048242674508861598e-03
-5.335903888999215736e-03 -5.119892618114793743e-03
1.590738201442427587e-03 1.723572342201162627e-03
-1.172924885840684849e-02 6.793867472871513088e-03
5.201312461064966190e-03 2.439338291661779026e-03
5.422500313691266775e-03 -4.419715947195733581e-03
7.436739813755637030e-03 2.629002827270215947e-03
2.842008671230536899e-03 -6.171785876643115466e-05
